46.8908
60.1644
16.1614
68.1634
15.232
42.2379
25.8294
28.6584
24.586
14.0357
13.7294
33.0407
42.8641
50.712
17.9533
46.3271
43.6433
24.4852
54.8335
43.5673
11.6125
10.188
43.9063
25.7034
15.328
34.5566
20.2044
57.7501
17.6463
28.6653
63.8799
13.2294
28.429
40.6277
31.9503
43.1199
22.038
52.4191
26.4222
13.356
13.4056
27.7929
27.069
17.538
20.5548
54.9928
29.7858
21.496
30.9068
14.5757
13.9044
27.0262
62.1927
56.1232
33.6767
22.4947
70.9027
13.3299
43.7058
33.382
32.8582
14.2271
41.2356
11.8975
15.5957
81.799
31.9791
77.0754
29.6119
75.0683
58.3398
72.569
